4294967294,0
4294967279,336
4294967278,326
4294967279,335
4294967278,325
4294967279,260
4294967278,324
4294967278,323
4294967278,260
4294967279,277
4294967278,132
4294967278,131
4294967278,130
4294967278,256
4294967278,129
4294967278,128
4294967278,127
4294967278,255
4294967278,126
4294967278,125
4294967278,124
4294967278,123
4294967278,122
4294967278,251
4294967278,121
4294967278,249
4294967278,120
4294967278,119
4294967278,245
4294967278,118
4294967278,117
4294967278,241
4294967278,116
4294967278,115
4294967278,114
4294967278,113
4294967278,112
4294967278,233
4294967278,111
4294967278,110
4294967278,229
4294967278,109
4294967278,227
4294967278,108
4294967278,107
4294967278,223
4294967278,106
4294967278,105
4294967278,219
4294967278,104
4294967278,103
4294967278,102
4294967278,101
4294967278,100
4294967278,99
4294967278,98
4294967278,97
4294967278,96
4294967278,95
4294967278,94
4294967278,93
4294967278,92
4294967278,91
4294967278,90
4294967278,89
4294967278,87
4294967278,86
4294967278,85
4294967278,84
4294967278,83
4294967278,82
4294967278,81
4294967278,80
4294967278,79
4294967278,78
4294967278,77
4294967278,76
4294967278,75
4294967278,74
4294967278,73
4294967278,72
4294967278,71
4294967278,70
4294967278,69
4294967278,68
4294967278,67
4294967278,66
4294967278,65
4294967278,64
4294967278,63
4294967278,62
4294967278,61
4294967278,60
4294967278,59
4294967278,58
4294967278,57
4294967278,56
4294967278,55
4294967278,54
4294967278,53
4294967278,52
4294967278,51
4294967278,50
4294967278,49
4294967278,48
4294967278,47
4294967278,46
4294967278,45
4294967278,44
4294967278,43
4294967278,42
4294967278,41
4294967278,40
4294967278,39
4294967278,38
4294967278,37
4294967278,36
4294967279,22
4294967279,14
4294967279,13
4294967279,10
4294967279,9
4294967279,285
4294967279,8
4294967279,7
4294967279,6
4294967279,5
4294967279,281
4294967279,4
4294967294,93
4294967294,95
4294967279,133
4294967294,50
4294967294,189
4294967279,334
4294967294,1067
4294967294,1066
4294967294,169
4294967294,384
4294967294,19
4294967294,104
4294967294,166
4294967294,24
4294967294,160
4294967294,168
4294967294,1248
4294967279,333
4294967279,332
4294967279,19
4294967279,331
4294967279,0
4294967279,18
4294967278,322
4294967278,0
4294967294,7
4294967294,5
4294967294,30
4294967294,1237
4294967294,1236
4294967294,1234
4294967294,1233
4294967294,1228
4294967294,1217
4294967294,1062
4294967294,1060
4294967294,1059
4294967294,1058
4294967294,1057
4294967294,60
4294967294,92
4294967294,88
0,5
4294967294,427
4294967294,12
4294967294,11
4294967294,36
4294967294,471
4294967294,14
4294967294,22
4294967294,17
4294967294,67
4294967294,99
4294967294,41
4294967294,426
4294967294,470
4294967294,25
4294967294,1241
4294967294,26
4294967279,267
4294967279,265
4294967279,264
4294967279,263
4294967279,262
4294967294,6
4294967279,284
4294967294,1158
4294967294,1155
4294967294,1154
4294967294,1153
4294967294,1085
4294967294,1084
4294967294,1082
4294967294,1080
4294967294,1079
4294967294,1077
4294967294,1076
4294967294,1073
4294967294,1070
4294967294,1065
4294967294,401
4294967294,173
4294967294,163
4294967294,162
4294967294,81
4294967294,68
4294967278,321
4294967278,320
4294967279,330
4294967278,319
4294967279,329
4294967278,318
4294967279,328
4294967279,327
4294967278,317
4294967279,326
4294967278,316
4294967278,315
4294967279,325
4294967278,314
17,6
4294967279,324
17,5
17,4
17,3
17,2
17,1
4294967279,323
4294967279,322
4294967279,321
4294967278,313
4294967279,320
15,7
15,6
15,5
15,4
15,3
15,2
15,1
4294967279,319
4294967279,318
4294967278,312
4294967279,317
4294967278,311
4294967279,316
4294967278,310
4294967279,315
4294967278,309
4294967279,314
4294967279,313
4294967278,308
4294967279,312
4294967278,307
4294967279,311
4294967278,306
4294967279,310
4294967278,305
4294967279,309
4294967278,304
13,6
13,5
13,4
13,3
13,2
13,1
4294967279,308
4294967279,307
4294967278,303
4294967279,306
4294967278,302
4294967279,305
4294967278,301
4294967279,304
4294967278,300
4294967279,303
4294967278,299
4294967279,302
4294967278,298
4294967279,301
4294967278,297
4294967279,300
4294967278,296
4294967279,299
4294967278,295
4294967279,298
11,6
11,5
11,4
11,3
11,2
11,1
4294967278,294
4294967278,293
4294967279,297
4294967278,292
4294967279,296
4294967278,291
4294967279,295
4294967278,290
4294967279,294
4294967278,289
4294967279,293
9,5
9,4
9,3
9,2
9,1
4294967279,292
4294967294,1166
4294967279,291
4294967294,1425
